,Area(total),Trooms,Nbedrooms,Nbwashrooms,Twashrooms,roof,Roof(Area),Lawn(Area),Nfloors,Expected price,Actual Grade,Predicted Grade
1801,350,7,6,5,7,0,0,110,5,4115,C,C
1190,314,7,6,6,7,1,92,86,5,3542,C,C
1817,343,5,3,3,4,1,113,81,1,3090,D,D
251,335,8,6,5,7,0,0,75,4,4316,C,C
2505,291,9,7,7,9,1,74,110,7,4040,A,A
1117,360,8,5,4,5,1,105,74,6,4597,B,B
1411,338,8,6,5,7,1,110,99,4,4704,B,B
2113,335,9,7,7,8,1,77,96,7,4039,A,A
408,297,9,6,6,8,1,75,94,5,4632,B,B
2579,335,6,3,3,4,0,0,87,2,3424,D,D
2254,295,5,4,4,5,0,0,104,3,3083,D,D
52,328,6,4,3,5,0,0,76,3,3901,D,D
644,311,5,3,2,3,1,72,104,2,2943,D,D
1763,328,9,8,7,9,1,107,97,7,4771,A,A
2776,350,9,8,7,8,1,87,82,5,4744,A,A
900,360,9,7,6,7,1,76,89,7,4400,A,A
1073,327,6,3,3,5,1,97,73,2,3493,D,D
472,359,7,4,3,4,1,73,113,5,4387,C,C
2738,343,5,4,3,5,1,116,98,3,3582,D,D
2546,301,7,4,3,5,1,93,93,5,3517,D,D
44,322,6,3,3,4,0,0,113,2,3866,D,D
289,322,7,5,4,6,0,0,117,3,4203,D,C
912,295,8,6,6,8,0,0,105,5,3459,C,C
2083,338,9,7,6,7,0,0,118,7,4602,A,A
1360,337,7,4,4,6,1,101,77,4,3913,D,C
2895,306,9,6,6,7,1,107,97,7,4173,A,B
2603,342,6,5,5,6,1,77,82,3,3176,C,C
1226,295,6,4,3,4,1,72,104,3,2843,D,D
296,322,7,6,5,7,1,84,109,5,4057,C,C
1241,345,9,7,6,8,0,0,82,6,4160,B,B
1005,293,6,5,5,7,1,103,96,3,3057,D,D
1665,360,9,7,6,8,0,0,81,5,4808,A,A
746,309,9,8,7,9,1,97,72,7,4205,A,A
2851,297,9,8,7,9,1,78,91,5,3979,A,A
291,328,7,5,4,5,0,0,118,3,4000,D,C
781,309,6,3,3,4,0,0,89,3,3716,D,D
2144,349,6,5,5,7,1,116,94,2,3328,C,C
322,352,9,6,6,8,0,0,116,6,4890,B,B
298,336,6,3,2,4,1,89,87,3,3595,D,D
1298,312,8,6,5,6,0,0,90,4,3658,C,C
194,291,6,4,3,4,0,0,95,4,3574,D,D
63,324,8,5,4,5,0,0,81,4,4161,C,C
393,308,8,6,6,8,1,95,102,6,3678,B,B
727,338,7,4,3,4,0,0,95,3,4034,D,D
1583,303,6,4,4,5,1,78,73,3,3255,D,D
1547,337,8,7,6,7,0,0,79,5,4658,B,B
2425,356,7,4,3,5,1,92,113,3,3668,C,C
14,321,9,6,5,7,0,0,80,6,4440,B,B
2567,300,8,7,6,8,1,82,108,5,3837,B,B
1600,349,8,7,7,8,1,102,95,4,4766,B,B
1090,341,9,7,7,8,1,105,115,6,4213,A,A
2111,328,5,2,1,2,0,0,120,2,3267,D,D
203,327,5,3,2,3,1,112,75,2,2924,D,D
2418,350,8,5,5,7,1,86,102,6,3802,B,B
152,318,9,6,5,6,1,82,73,7,3924,B,B
2901,348,7,5,5,7,0,0,110,3,3924,C,C
1359,357,5,4,4,6,1,73,91,3,3680,D,D
772,338,8,6,5,6,1,93,91,5,4587,B,B
2678,333,5,3,3,5,1,109,100,1,2962,D,D
1001,310,7,6,6,8,1,104,75,4,3183,C,C
718,324,5,2,2,3,1,93,92,3,3328,D,D
612,334,9,8,8,9,1,107,73,6,4578,A,A
842,324,8,6,6,8,0,0,77,4,4246,C,C
266,350,6,5,5,7,0,0,116,2,3575,C,D
51,312,7,5,4,6,1,117,120,3,3680,C,C
1195,305,7,6,6,7,0,0,71,4,3732,C,D
1270,354,8,6,5,7,1,71,74,6,4565,B,B
1491,319,6,4,3,4,1,107,83,3,2994,D,D
1582,360,8,6,6,8,1,113,96,5,4876,B,B
521,353,5,2,2,3,1,110,96,3,3583,D,D
1694,311,6,4,4,5,1,89,88,2,3607,D,D
2663,358,6,5,5,7,1,71,101,3,3921,C,C
2748,346,9,6,5,7,1,86,98,5,4977,B,B
1921,312,7,4,3,4,0,0,119,5,3682,D,D
102,344,9,7,7,9,1,96,115,6,4892,A,A
695,312,6,5,4,5,0,0,87,4,3096,D,D
2332,317,6,3,3,5,0,0,72,2,3464,D,D
2724,335,6,4,4,5,0,0,83,2,3356,D,D
2272,310,8,6,5,7,1,116,110,4,4029,B,C
2482,332,5,3,3,5,0,0,81,1,3516,D,D
1842,351,8,7,7,9,1,102,101,5,3888,A,A
1830,356,5,2,2,3,0,0,104,3,3592,D,D
794,332,5,4,4,6,0,0,119,2,2913,D,D
1820,330,5,3,3,5,1,97,118,1,3346,D,D
2001,354,6,4,3,5,0,0,95,3,3831,D,D
144,322,6,3,2,4,0,0,91,4,3141,D,D
2525,341,9,8,8,10,0,0,91,6,4357,A,A
1330,338,6,3,2,3,0,0,114,3,3988,D,D
2477,343,6,3,2,4,0,0,115,3,3697,D,D
2881,309,7,5,4,5,0,0,108,5,3478,D,D
321,343,9,6,6,7,1,115,76,6,4404,B,B
1261,329,6,3,2,3,1,99,113,4,3468,D,D
2414,353,9,6,6,8,0,0,77,6,4303,B,B
1269,319,5,4,3,5,1,78,108,2,2952,D,D
1760,338,7,4,3,5,1,103,74,3,3376,C,C
416,299,8,5,5,7,0,0,85,4,3563,D,D
2631,325,5,3,2,4,0,0,97,1,3083,E,D
2291,309,5,3,2,3,1,74,77,2,3099,D,D
174,313,9,8,7,9,1,112,88,6,4541,A,A
1725,335,9,7,7,9,1,78,80,5,4321,A,A
2175,344,5,2,2,4,1,79,104,2,2760,D,D
45,344,9,8,7,8,1,84,86,5,4190,A,A
685,305,8,6,6,8,1,74,116,4,3829,B,B
1607,334,9,6,6,7,0,0,70,6,4259,B,B
1231,340,7,5,4,5,0,0,89,3,3390,D,D
862,294,6,5,4,6,1,107,74,2,2953,D,D
1965,330,5,4,4,6,1,88,117,3,3567,D,D
331,327,6,4,3,5,1,109,106,2,3003,D,D
93,302,6,3,3,5,0,0,113,4,3223,D,D
1641,332,7,4,3,4,0,0,98,5,3555,D,D
2986,302,9,8,7,9,0,0,77,6,4038,B,A
506,309,8,6,5,7,1,93,115,6,3909,C,B
2909,321,5,4,4,6,0,0,120,3,3156,D,D
2045,326,9,6,5,6,1,110,104,5,4373,B,B
495,329,7,6,5,7,1,118,107,4,3684,C,C
2132,333,9,7,6,8,0,0,93,5,4003,B,B
0,339,6,5,4,6,0,0,76,2,3481,D,D
314,308,8,5,4,5,1,72,107,5,4056,C,C
1272,352,9,6,5,6,0,0,74,6,4259,B,B
1941,292,9,7,7,9,0,0,112,5,4006,B,B
2967,355,5,2,2,3,0,0,74,2,3374,D,D
1316,308,5,3,2,4,0,0,85,3,2939,D,D
755,297,7,5,5,7,0,0,85,3,3354,D,D
1770,357,6,4,4,5,1,105,81,2,3318,D,D
1200,360,5,4,3,5,1,115,75,2,3345,D,D
2174,360,9,6,6,8,1,101,77,5,4451,A,A
1991,335,5,4,3,4,0,0,81,1,2958,D,D
879,305,7,6,5,7,0,0,114,3,4019,D,C
765,342,6,5,5,7,1,113,118,2,3176,C,C
927,312,5,3,3,4,1,72,100,1,2566,D,D
2377,331,7,6,5,7,0,0,120,3,3326,C,C
1374,305,6,4,4,5,1,88,76,4,3664,D,D
1814,357,7,4,4,6,1,106,105,3,4285,C,C
1798,323,7,4,4,5,1,118,106,3,3662,C,C
929,345,8,7,6,8,1,79,105,5,4216,B,B
436,322,8,5,5,7,0,0,91,5,3579,C,C
196,299,5,2,2,3,1,82,84,2,3052,E,D
1762,360,8,5,4,6,0,0,77,6,3929,C,C
1064,305,5,4,3,5,0,0,95,1,3364,E,D
2342,347,9,6,6,8,1,70,92,6,4651,A,A
2528,311,9,7,7,9,0,0,100,5,4315,A,B
1268,331,9,8,7,9,0,0,112,5,4921,A,A
2323,355,6,4,4,5,0,0,72,3,3174,D,D
2779,298,5,3,3,4,1,78,88,1,3198,D,D
2225,306,8,5,4,5,0,0,98,6,3974,C,C
450,300,9,6,5,7,0,0,107,6,4518,B,B
2164,348,8,5,4,6,0,0,74,4,4668,C,C
2372,360,5,4,4,5,0,0,104,1,3006,D,D
2012,302,8,7,6,7,1,86,81,4,3679,B,C
270,299,8,6,6,8,0,0,110,4,4052,C,C
1840,298,8,7,7,9,0,0,103,5,4034,B,B
2934,353,9,6,5,6,0,0,115,5,5163,B,B
978,349,7,5,4,5,0,0,79,5,3998,C,C
2166,318,8,5,4,6,0,0,119,6,3720,C,C
354,303,8,5,5,7,0,0,92,5,3889,C,C
1876,325,8,7,7,9,1,118,112,6,4197,A,A
184,303,9,6,6,7,1,83,120,7,3919,B,B
2744,294,7,5,5,6,0,0,70,3,3303,D,D
1614,336,6,3,2,3,1,77,82,2,3448,D,D
2759,305,9,6,5,7,1,112,89,5,3813,B,B
1706,357,5,4,3,4,1,86,96,3,2811,D,D
1861,338,7,4,3,4,1,74,92,3,3439,C,D
246,316,8,5,4,6,1,78,115,4,4180,C,C
555,341,9,7,6,7,0,0,96,5,4239,B,B
1752,308,5,4,4,6,1,104,96,2,3418,D,D
1364,360,9,8,8,9,1,93,106,5,4867,A,A
67,345,5,4,4,6,0,0,75,3,3670,D,D
2618,338,7,6,5,6,1,84,104,4,3646,C,C
2284,322,6,4,3,5,1,119,73,3,3751,D,D
532,330,5,4,3,4,1,77,87,3,2779,D,D
2873,307,6,3,3,4,0,0,81,4,3514,D,D
2705,342,5,4,4,5,1,103,78,1,2859,D,D
1502,329,9,6,6,7,1,95,88,5,4717,B,B
761,343,5,4,3,5,1,94,76,1,3351,D,D
2752,333,9,8,8,9,1,97,90,6,4601,A,A
1211,334,9,6,6,8,1,81,120,5,4553,A,B
2243,326,9,8,7,8,1,117,100,7,4071,A,A
1793,343,8,7,7,8,0,0,106,6,4482,B,B
535,327,8,5,4,6,0,0,88,4,3708,C,C
1746,300,6,3,2,3,1,118,116,2,2881,D,D
463,296,5,4,3,4,1,98,72,1,3458,D,D
2677,340,8,6,5,6,0,0,102,5,4311,C,C
1839,290,6,3,3,4,1,81,113,2,2897,D,D
2862,330,5,3,2,4,1,119,76,2,2691,D,D
124,338,5,2,1,3,0,0,85,3,3547,D,D
178,316,7,4,3,5,1,117,80,4,3825,D,C
192,318,9,8,7,9,0,0,84,5,4856,A,A
2307,347,6,3,3,5,1,119,109,2,3793,D,D
1429,342,6,3,3,4,0,0,104,2,4015,D,D
1691,358,6,4,3,4,0,0,73,2,3728,D,D
741,319,7,5,4,5,0,0,90,5,3515,D,D
1034,314,7,4,3,4,0,0,111,4,3766,D,D
1966,335,8,7,6,7,1,116,81,6,4424,B,B
478,300,9,8,7,9,1,89,84,6,3780,A,A
1027,348,5,2,2,4,1,76,82,3,2908,D,D
2601,349,6,5,4,6,0,0,97,2,3944,D,D
368,337,6,4,4,6,0,0,96,4,4001,D,D
2523,353,8,7,7,8,0,0,103,4,4682,B,B
845,333,8,7,7,9,0,0,90,5,3797,B,B
256,313,8,7,7,8,0,0,94,6,4478,B,B
1222,330,7,5,5,7,0,0,107,4,4256,C,C
1992,353,9,8,7,8,1,79,110,7,4534,A,A
211,345,8,7,6,7,0,0,77,5,4710,B,B
2689,350,5,4,4,6,0,0,90,3,3204,D,D
1949,299,6,5,5,7,0,0,71,2,2921,D,D
1362,321,7,6,6,7,1,97,79,4,3395,C,C
2151,327,5,4,3,5,0,0,72,3,3080,D,D
2153,294,9,8,7,9,0,0,109,7,4428,A,A
567,297,8,5,4,5,0,0,120,5,4162,C,C
2206,336,6,4,3,5,1,117,90,4,3691,D,C
2093,296,6,5,5,7,1,101,96,4,3269,D,D
1710,298,9,6,5,7,1,113,108,5,4434,B,B
1263,334,8,5,4,6,1,110,81,5,3692,C,C
2123,334,5,4,3,5,0,0,74,1,2915,D,D
798,349,5,4,3,4,0,0,77,1,3514,D,D
80,300,9,8,7,8,1,102,107,7,4420,A,A
32,308,8,6,6,7,1,87,77,6,3766,B,B
414,308,7,4,4,5,0,0,87,4,3635,D,D
1804,344,9,7,6,7,0,0,100,6,4615,B,A
2213,359,9,6,6,7,0,0,101,6,5005,B,B
1321,326,6,3,2,4,1,116,90,3,3880,D,D
1567,314,7,4,3,5,1,110,79,3,3376,D,D
783,322,7,6,6,8,1,120,116,5,4222,B,B
2991,325,7,4,3,4,1,100,76,3,3495,D,D
1412,315,6,3,3,5,0,0,113,4,3767,D,D
457,302,5,2,1,2,1,109,95,3,3188,D,D
139,293,5,2,1,2,1,77,117,3,3278,D,D
2230,313,8,6,5,6,1,108,79,5,4362,C,C
1025,314,9,6,6,8,1,98,120,6,4813,B,B
88,294,7,5,5,7,0,0,106,3,3794,D,D
1442,342,5,2,1,3,1,94,86,3,2969,D,D
1831,326,7,6,6,8,0,0,116,3,3701,C,C
2576,316,7,6,6,8,1,71,83,4,3657,C,C
254,313,5,4,3,4,1,120,75,3,3179,D,D
605,313,9,7,6,7,1,109,100,5,3996,B,B
1044,302,5,3,3,4,0,0,77,3,2694,D,E
568,297,5,2,1,3,0,0,74,2,2701,E,E
1732,326,6,4,4,5,1,116,89,2,3335,D,D
2542,295,6,5,5,7,1,73,92,3,3344,D,D
857,348,7,4,3,4,1,106,96,3,4396,C,C
2472,349,8,5,5,7,1,105,114,4,4279,C,B
817,344,5,4,4,6,1,85,77,2,3598,D,D
2030,357,6,5,4,5,1,118,85,3,3745,C,C
1877,326,7,5,4,5,1,104,101,5,3672,C,C
141,301,6,5,5,7,1,96,98,2,3177,D,D
443,342,8,5,5,6,0,0,86,6,4537,B,C
1174,349,5,3,2,3,0,0,79,2,3118,D,D
486,313,7,5,4,6,1,93,112,4,4123,C,C
881,354,7,6,6,7,0,0,93,5,4223,C,C
2564,319,7,6,6,8,1,75,110,3,3579,C,C
1084,341,7,4,3,4,0,0,70,5,3536,D,D
1299,317,9,8,8,10,1,119,111,5,4370,A,A
175,306,5,3,3,5,0,0,105,2,3119,D,D
1094,319,5,2,2,4,1,116,87,1,3446,D,D
2700,295,7,5,4,6,1,115,70,5,3746,C,C
2846,292,7,5,4,6,0,0,75,3,3944,D,D
1963,301,8,6,6,8,0,0,109,5,3998,C,C
2681,347,6,4,3,5,0,0,82,2,3172,D,D
2097,312,9,7,7,9,0,0,117,6,3909,A,A
2155,314,7,4,3,4,1,102,79,3,4039,D,D
1556,310,9,8,8,9,1,70,79,5,4182,A,A
1670,343,6,4,3,4,0,0,79,3,3526,D,D
177,306,8,7,7,9,1,80,77,5,3556,B,B
1078,341,8,5,5,6,1,77,97,6,4698,C,B
598,351,6,3,3,5,0,0,82,4,3547,D,D
2190,312,6,5,5,6,0,0,107,3,3178,D,D
2531,312,9,8,8,10,0,0,98,5,4405,A,A
2667,338,8,6,5,6,0,0,102,6,4207,C,C
2786,321,7,6,5,6,1,79,113,3,3610,C,C
479,336,9,8,7,8,0,0,103,5,4373,A,A
1967,303,8,5,5,6,0,0,112,5,4419,C,C
1057,328,9,7,6,7,1,119,102,5,4107,B,A
2268,309,7,6,6,8,1,79,115,4,3311,C,C
533,335,9,6,6,8,1,73,95,7,4551,A,A
1103,304,6,5,5,6,0,0,104,2,3652,D,D
1106,351,5,3,2,3,0,0,81,2,3418,D,D
2927,326,5,3,3,5,0,0,98,2,3404,D,D
1123,301,7,4,3,5,1,97,100,3,3506,D,D
942,318,6,5,4,6,1,104,90,2,2970,D,D
162,298,6,5,5,6,1,116,91,2,3389,D,D
1551,307,6,5,4,6,0,0,93,4,3503,D,D
965,319,8,6,6,8,0,0,71,5,3580,C,C
471,355,6,5,5,6,1,119,82,2,3987,C,C
844,312,5,2,1,2,0,0,70,3,3162,E,E
998,339,7,6,6,8,1,108,89,4,4329,C,B
1904,290,5,3,2,3,1,93,89,3,2775,D,D
30,348,9,8,8,9,0,0,111,7,4915,A,A
2890,317,9,8,7,8,0,0,119,7,4278,A,A
423,299,5,2,1,2,0,0,79,1,3040,E,E
511,302,5,3,3,4,1,83,86,3,2950,D,D
2758,311,7,4,3,4,1,93,97,5,3985,C,C
2737,309,7,4,4,6,0,0,95,3,3264,D,D
1393,296,7,5,5,7,0,0,90,4,3936,D,D
1586,303,5,3,3,4,0,0,96,2,3093,D,D
1929,292,7,4,3,5,1,115,100,5,3652,D,D
2497,351,5,3,2,4,0,0,98,3,2948,D,D
787,302,5,4,4,5,1,114,73,1,3178,D,D
2636,292,7,5,5,7,1,120,110,5,3594,C,C
2538,354,5,2,2,4,1,116,114,1,2940,D,D
402,309,6,3,2,4,1,102,108,3,3619,D,D
433,360,9,8,7,8,0,0,98,5,4571,A,A
1151,329,5,2,2,4,0,0,101,2,3275,D,D
73,317,7,4,3,5,0,0,103,4,3350,D,D
1536,313,5,2,1,3,1,93,112,1,2567,D,D
2709,351,5,3,2,4,0,0,114,2,3121,D,D
621,332,7,4,4,6,1,87,104,4,3354,C,C
1437,300,6,5,5,7,1,106,118,2,3203,C,D
1559,310,5,4,3,5,0,0,96,3,2574,D,D
1566,314,7,5,5,7,1,76,104,5,3527,C,C
324,306,9,6,6,8,0,0,76,5,4174,B,B
332,303,9,8,7,9,0,0,106,6,4344,A,A
1392,304,5,4,4,5,1,97,90,3,3131,D,D
650,331,9,7,7,8,0,0,93,5,4045,B,B
2236,297,9,8,7,9,1,96,90,7,4183,A,A
1533,309,6,5,4,6,1,115,101,2,3756,D,D
2163,346,8,5,4,6,1,94,109,4,4360,B,C
543,349,6,5,4,5,0,0,93,3,3114,D,D
2958,345,8,7,7,8,1,83,73,4,4375,B,B
1818,350,5,4,4,5,1,109,79,3,3607,D,D
1624,305,7,5,4,6,0,0,117,5,3628,C,D
1177,355,7,4,4,6,0,0,110,5,4458,C,C
679,319,9,6,6,8,1,112,71,5,4084,B,B
2096,348,8,6,5,7,0,0,81,5,4345,B,C
2029,360,9,7,7,8,1,82,105,6,4409,A,A
1659,321,8,6,6,8,0,0,85,6,4488,C,B
1637,353,8,5,5,7,0,0,119,6,3855,B,B
239,347,8,7,6,7,1,97,79,4,4015,B,B
2124,312,9,8,7,9,1,88,91,5,4518,A,A
2619,354,6,4,4,6,1,117,102,2,3939,C,C
2290,302,7,4,3,5,0,0,93,3,3737,D,D
764,308,5,3,2,3,1,104,104,3,2658,D,D
1128,330,8,5,4,6,0,0,74,5,4267,C,C
1885,350,5,3,2,3,0,0,115,3,2868,D,D
1116,309,9,8,8,10,0,0,78,5,4407,A,A
1102,358,5,2,2,4,1,110,114,1,2797,D,D
2847,308,9,6,5,6,0,0,91,6,4502,B,C
2330,308,5,3,3,5,1,80,84,2,3503,D,D
1361,329,7,5,5,7,1,119,83,3,3776,C,C
2316,320,8,7,6,7,0,0,103,5,4437,B,B
1407,353,5,3,2,3,0,0,74,2,3127,D,D
2529,356,8,7,6,8,1,119,99,6,4209,A,A
343,317,9,7,6,8,0,0,117,7,4697,A,A
1105,327,9,6,6,8,0,0,118,6,3962,B,B
2592,337,6,4,4,6,1,90,112,4,3106,D,C
557,290,8,6,5,7,0,0,111,6,3765,C,C
1475,303,5,3,2,3,1,118,96,3,3166,D,D
2703,293,6,4,3,5,1,88,118,3,2828,D,D
594,333,7,5,4,6,0,0,94,3,3885,C,C
1557,323,6,4,3,4,1,108,119,2,3091,D,D
411,291,9,7,7,8,0,0,113,5,3779,B,B
1055,353,7,4,4,6,0,0,120,5,3944,C,C
2473,297,8,6,6,8,0,0,104,6,3804,C,C
108,313,6,3,2,4,1,86,81,3,3715,D,D
2025,328,9,7,7,8,1,109,111,7,3979,A,A
2706,310,9,8,8,10,1,87,117,6,3975,A,A
318,345,8,7,7,9,1,80,108,6,4589,A,A
2718,334,9,8,7,8,0,0,107,6,4334,A,A
840,312,9,7,7,8,1,115,101,7,3842,A,A
2957,355,6,3,3,5,1,82,119,4,3290,D,C
1351,294,7,4,4,5,1,92,88,5,3602,D,D
2825,357,8,6,5,7,0,0,70,5,4098,B,C
2366,314,5,3,2,4,0,0,115,3,3402,D,D
1882,322,9,7,7,9,1,86,85,7,4262,A,A
680,304,9,6,6,8,0,0,100,6,3864,B,B
729,353,5,3,3,5,0,0,87,3,3730,D,D
789,335,9,8,8,9,1,93,120,6,4380,A,A
1813,308,5,3,2,3,1,96,84,3,3493,D,D
1345,308,9,6,6,7,0,0,76,5,3839,C,C
1868,308,7,6,5,6,1,75,82,5,3586,C,C
2069,353,6,5,4,6,0,0,107,4,3385,D,C
432,323,9,8,8,10,0,0,118,6,4774,A,A
564,332,7,6,6,7,1,75,92,3,3690,C,C
1748,310,5,4,3,4,0,0,73,3,2804,E,D
1776,343,7,5,5,6,0,0,114,5,3467,C,C
70,302,6,3,3,5,1,73,97,4,3460,D,D
1788,336,7,4,3,4,0,0,100,5,3682,D,D
1229,299,6,5,4,5,0,0,80,3,3087,D,D
1512,317,5,2,2,4,0,0,84,2,3045,E,E
56,335,9,7,6,8,1,111,95,7,4870,A,A
1601,331,6,4,4,5,0,0,87,3,3745,D,D
651,325,5,3,2,4,0,0,119,2,3519,D,D
2176,322,8,6,5,6,1,79,95,4,3886,C,C
897,296,8,7,7,8,1,72,76,5,4244,B,B
785,320,9,7,7,8,0,0,105,5,4598,A,B
309,312,6,5,5,6,0,0,82,3,3097,D,D
2404,332,6,5,5,6,1,86,106,2,3814,C,C
1741,344,8,6,5,7,0,0,91,5,4311,C,C
907,310,8,6,6,8,0,0,77,6,4432,C,C
602,320,5,2,1,2,0,0,116,2,3317,D,D
1178,301,9,8,8,9,1,116,71,7,3789,A,A
2297,316,6,4,4,6,0,0,102,2,3060,D,D
1745,332,5,2,2,3,1,99,110,2,3377,D,D
1161,327,6,3,2,3,0,0,98,3,3764,D,D
1509,327,5,4,4,5,1,82,85,2,3538,D,D
2095,333,7,4,4,5,1,104,101,3,3356,C,C
1577,290,6,4,4,6,1,102,84,4,3420,D,D
572,316,7,5,5,6,1,94,102,5,4013,C,C
554,350,9,8,8,9,1,117,116,7,4910,A,A
945,322,5,4,4,6,0,0,95,2,3108,D,D
2996,292,9,8,7,8,1,116,87,7,3753,A,A
874,349,9,6,5,7,0,0,83,6,4803,B,B
2994,338,6,5,5,7,0,0,94,2,3470,D,D
1569,350,9,8,7,9,0,0,78,6,4713,A,A
2668,311,9,6,6,8,0,0,100,7,4030,B,B
2627,305,9,6,5,7,1,117,90,5,4509,B,B
1553,291,9,7,7,8,1,71,79,7,3829,B,A
120,309,8,5,4,6,0,0,104,4,4330,D,C
2659,307,9,6,6,7,1,95,86,6,4610,B,B
809,342,5,3,2,4,1,106,70,1,2999,D,D
2186,307,5,4,3,5,0,0,96,3,2707,D,D
1618,334,6,5,4,5,1,80,73,3,3511,D,D
313,357,8,5,5,6,0,0,119,4,3929,C,C
1562,359,7,4,3,4,1,116,98,5,4492,C,C
233,300,9,7,7,9,1,98,101,6,3822,A,A
507,292,7,5,5,6,0,0,112,3,3512,D,D
1336,353,8,7,7,9,0,0,101,6,4297,A,A
1385,356,8,5,4,6,0,0,73,4,4598,C,C
111,335,6,4,4,5,0,0,111,4,3086,D,D
1578,314,6,3,3,4,0,0,112,2,3191,D,D
410,346,9,7,7,8,1,103,95,5,4332,A,A
218,314,5,2,1,3,0,0,84,1,3091,D,E
2114,360,6,5,5,6,1,90,119,3,3322,C,C
1307,293,7,5,4,6,0,0,81,3,4025,D,D
1080,309,6,5,4,6,0,0,86,2,3039,D,D
759,346,9,6,5,7,0,0,108,6,4215,B,B
911,303,9,7,7,8,0,0,111,6,4210,B,B
807,315,6,3,3,4,0,0,109,3,2927,D,D
439,296,8,7,6,7,1,73,94,6,4253,B,B
544,311,6,3,3,5,0,0,113,3,3270,D,D
485,307,6,4,4,6,1,110,95,3,3368,D,D
2475,349,7,6,6,7,0,0,91,5,4007,C,C
387,336,7,5,4,5,1,104,112,4,3993,C,C
2916,297,8,5,4,5,0,0,82,4,3458,D,D
1192,320,8,5,5,7,0,0,77,6,4187,C,C
1230,342,6,5,4,6,0,0,87,3,3114,D,D
1210,316,6,4,3,5,0,0,74,4,3710,D,D
1273,308,6,4,4,5,0,0,76,4,3406,D,D
1939,329,9,7,7,9,0,0,98,5,4203,A,B
2303,317,9,6,5,6,1,103,90,6,4106,B,B
930,330,8,6,5,6,0,0,71,4,3689,C,C
135,356,9,8,8,10,0,0,74,5,4692,A,A
1780,290,8,5,5,7,1,90,82,4,3858,C,C
2167,311,9,8,7,8,1,114,114,6,4794,A,A
1497,315,6,3,2,3,1,93,83,4,3705,D,D
2256,333,6,4,3,5,1,72,96,2,3487,D,D
366,335,8,5,4,5,1,74,74,4,4226,C,C
2024,295,7,6,6,8,1,78,84,5,3931,C,C
2897,305,6,5,5,7,1,76,106,3,3327,D,D
29,352,5,2,2,3,0,0,111,1,3478,D,D
2501,315,7,5,4,5,1,95,109,4,4008,C,C
2968,344,5,4,3,4,1,105,75,1,3694,D,D
1047,339,5,3,3,4,0,0,70,3,3265,D,D
2887,328,9,8,8,9,0,0,116,5,4066,A,A
1421,339,8,6,6,8,1,73,83,5,3879,B,B
1488,297,7,6,5,7,0,0,114,4,3223,D,D
183,360,8,7,6,8,1,79,86,4,4420,B,B
1134,295,9,8,7,8,1,98,87,7,4097,A,A
188,330,9,7,6,8,0,0,119,5,4183,B,B
420,339,9,8,8,9,1,89,100,5,4748,A,A
170,297,6,4,3,5,0,0,76,2,3219,D,D
1377,344,7,5,4,6,0,0,118,5,3690,C,C
460,344,7,6,6,7,1,98,108,3,4072,B,C
43,310,5,4,3,4,1,90,95,2,3120,D,D
87,354,7,4,4,5,0,0,79,5,4435,D,C
1322,317,5,4,3,5,0,0,80,3,2677,D,D
1740,304,5,2,2,3,0,0,99,3,2981,D,E
705,327,9,6,5,6,0,0,80,5,4864,C,C
903,335,6,3,2,4,1,87,74,2,3403,D,D
282,308,6,4,3,5,0,0,81,2,2885,D,D
2458,302,9,6,6,7,1,96,92,6,3858,B,B
693,330,7,5,4,5,0,0,118,5,4151,C,C
2089,298,5,2,2,3,1,113,70,2,2776,D,D
2066,360,8,6,6,7,1,105,80,4,4243,B,B
257,332,5,4,3,4,1,105,80,2,2919,D,D
2644,300,9,7,6,8,0,0,77,5,3996,B,B
2594,332,8,6,5,7,1,110,117,6,4274,B,B
2442,332,6,3,2,3,0,0,71,3,3635,D,D
2883,290,5,2,2,4,0,0,113,1,3274,D,E
1216,304,7,6,6,8,0,0,99,5,3903,C,C
1041,332,9,8,8,9,0,0,85,6,4771,A,A
2453,349,5,4,3,4,0,0,70,3,3653,D,D
149,355,8,6,5,6,1,90,92,6,3854,B,B
1736,296,6,5,5,7,1,94,81,3,3430,D,D
2358,344,9,7,7,8,0,0,96,7,4785,A,A
2392,320,9,7,7,8,0,0,102,5,4780,B,B
2441,349,8,6,6,8,1,117,107,4,4749,B,B
2112,325,6,5,4,5,1,78,72,2,3031,D,D
2417,292,8,5,5,7,0,0,110,6,3852,C,C
134,301,7,5,4,5,0,0,90,3,3197,D,D
2930,337,7,6,6,7,0,0,117,4,3579,C,C
831,311,9,7,7,9,0,0,83,6,4446,A,B
1800,322,5,2,2,4,1,70,83,3,3494,D,D
2929,315,6,3,3,4,0,0,106,4,3283,D,D
2988,290,5,3,2,3,1,90,79,1,2961,D,D
1898,308,9,8,8,10,0,0,119,6,4518,A,A
864,321,5,2,2,4,1,74,108,3,2835,D,D
528,339,6,5,4,6,0,0,97,3,4023,D,D
2219,300,9,6,6,8,1,111,88,5,4336,B,B
430,307,8,6,6,7,1,76,82,4,3850,C,C
2743,343,6,4,4,5,1,98,73,4,3227,D,D
1744,310,7,6,6,8,0,0,119,3,3775,C,C
610,350,8,6,5,7,1,116,82,6,3838,B,B
949,291,6,3,3,4,1,85,100,3,3513,D,D
2811,322,9,6,6,8,0,0,91,5,4866,B,B
221,358,8,5,5,6,1,86,105,4,4464,B,B
1915,320,7,4,3,4,0,0,82,4,3371,D,D
2411,357,8,6,5,6,0,0,92,6,3984,C,B
1036,356,9,8,8,10,1,83,101,5,4392,A,A
2645,343,9,6,5,7,1,89,110,5,4870,B,B
932,332,5,2,1,2,0,0,119,1,3098,D,D
2555,312,7,5,5,7,1,106,115,3,3440,C,C
173,327,5,4,4,6,0,0,102,2,3363,D,D
565,334,6,4,3,4,0,0,112,2,3510,D,D
1960,325,6,3,3,5,1,76,108,3,3030,D,D
812,297,5,3,3,4,0,0,91,3,3074,E,E
2687,337,7,4,3,4,1,90,111,3,3473,C,C
958,326,8,6,5,6,0,0,86,4,4148,C,C
527,315,5,3,2,4,0,0,76,2,3417,D,E
1413,358,9,6,5,7,0,0,106,6,4638,B,B
1611,295,9,8,8,10,1,104,100,5,3708,A,A
272,334,9,8,7,9,0,0,119,5,4316,A,A
926,321,7,4,3,4,0,0,104,3,3641,D,D
1739,333,9,6,5,7,1,73,75,7,4812,A,B
847,319,9,6,5,6,1,114,90,5,4046,B,B
952,316,7,4,3,4,1,75,88,4,4021,D,D
1620,328,5,3,3,4,1,79,82,2,2861,D,D
2999,343,7,6,6,8,0,0,108,5,4105,C,C
2315,304,5,4,3,5,1,107,94,2,3009,D,D
1912,316,8,5,5,6,1,99,104,6,3938,B,B
2593,310,6,3,3,4,1,85,96,3,3674,D,D
2031,329,9,6,6,8,1,80,71,6,4410,B,B
1100,316,6,3,3,5,0,0,92,2,3233,D,D
1292,292,6,5,4,6,1,106,94,2,3572,D,D
2875,334,5,4,4,6,0,0,99,1,3511,D,D
168,304,6,3,2,4,0,0,106,4,3652,D,D
2376,296,5,2,1,2,0,0,88,3,2760,E,E
1467,353,8,7,7,8,0,0,92,4,4732,B,B
2766,301,8,7,6,7,0,0,102,4,4131,C,C
1398,307,8,6,5,7,1,91,83,4,4425,C,C
1228,343,9,8,8,9,1,95,77,7,4859,A,A
2234,346,7,5,4,6,0,0,79,4,4016,D,C
1738,348,9,6,5,7,1,98,108,5,4261,B,B
367,332,8,5,4,6,0,0,108,5,3730,C,C
2275,333,6,3,2,4,0,0,116,2,3912,D,D
867,335,5,4,4,6,1,86,107,2,3251,D,D
1302,319,6,3,3,5,0,0,110,3,3460,D,D
351,356,9,8,8,10,1,105,78,5,4658,A,A
2394,307,7,4,3,5,1,104,82,3,3980,D,D
2503,322,8,7,6,7,0,0,71,5,4505,B,C
979,327,6,5,5,6,1,115,95,2,3586,D,C
1847,349,7,4,4,6,1,119,96,4,3467,C,C
2370,305,9,7,6,7,0,0,110,5,4187,B,B
498,301,9,6,6,7,0,0,105,7,4161,B,B
1628,351,5,2,1,2,1,114,109,3,3430,D,D
210,345,7,4,3,4,1,117,96,4,3800,C,C
2470,340,9,6,6,7,1,113,74,5,4977,B,B
601,335,7,6,6,8,0,0,76,5,4104,C,C
227,327,6,4,4,6,1,108,87,2,3588,D,D
365,338,5,3,2,3,1,91,94,2,3523,D,D
581,305,7,4,3,4,1,76,77,4,3544,D,D
2855,348,9,8,8,10,1,91,111,5,5057,A,A
2178,354,8,7,7,9,1,80,113,6,4617,A,A
2018,341,6,4,3,4,1,84,89,4,3784,D,D
859,305,5,4,3,4,1,71,102,3,3025,D,D
407,304,7,6,5,6,1,89,100,3,3445,C,C
1920,298,5,4,4,6,1,118,92,3,2730,D,D
1613,303,5,4,3,5,1,102,72,3,3108,D,D
678,294,7,5,5,6,0,0,88,4,3747,D,D
1264,291,9,6,6,8,1,95,76,7,4494,B,B
2407,354,7,6,6,8,0,0,102,3,4265,C,C
691,301,5,3,2,3,1,72,119,3,2639,D,D
7,323,9,8,7,9,0,0,95,6,4603,A,A
2867,320,6,3,3,5,1,75,99,4,3351,D,D
1204,335,9,6,5,7,1,92,76,6,4286,B,B
2233,316,6,3,2,3,0,0,77,4,3583,D,D
415,353,6,5,5,6,0,0,94,3,3513,D,D
670,297,8,7,6,7,1,85,81,4,3931,C,C
810,317,7,6,6,8,0,0,90,3,3237,C,C
1089,301,5,4,4,5,1,94,101,1,3405,D,D
199,317,8,7,6,7,1,104,117,6,4023,B,B
283,355,6,4,4,5,0,0,115,3,3549,D,D
231,359,6,3,2,3,1,77,104,3,3239,C,D
2730,312,5,3,2,4,1,73,116,2,3090,D,D
2861,355,5,3,3,4,0,0,77,3,3313,D,D
96,347,9,8,8,9,1,109,112,5,4442,A,A
1587,301,5,3,2,3,1,96,95,3,2809,D,D
2569,357,5,3,3,4,1,106,86,2,3771,D,D
1606,312,9,8,7,9,1,94,112,6,4199,A,A
676,328,5,4,3,4,0,0,78,3,2867,D,D
1860,339,6,3,2,4,1,117,81,3,3124,D,D
2781,345,9,8,7,9,1,73,75,6,5051,A,A
2863,296,7,4,4,5,1,86,99,3,3335,D,D
2587,300,9,7,7,8,0,0,88,5,3965,B,B
1399,328,7,6,5,6,1,108,100,4,3505,C,C
1370,333,7,4,3,5,0,0,83,4,3356,D,D
104,295,7,4,4,6,0,0,113,3,3753,D,D
2087,317,5,3,3,5,0,0,83,1,2882,D,D
599,333,9,6,5,7,1,105,109,6,4346,B,B
1756,310,6,4,3,4,1,99,79,4,3649,D,D
1323,313,5,2,2,4,1,89,78,1,3422,D,D
